(function () {
    //*
    var matrix = [
		[1,0.47734,0.21692,0.084043,0.18661,0.059701,0.32978,0.10507,0.25059,0.070469,0.50076,0.21779,0.44182,0.13745,0.29299,0.15136,0.23896,0.30927,0.40557,0.26663,-0.081796,-0.09974,0.20622,0.056915,0.010151,-0.099755,0.098212,-0.038511,0.20933,0.27489,-0.045617,0.011286,0.11277,0.02493,-0.056912,-0.16916,0.1236,0.12726,0.0071007,0.088872,0.14912,0.15603,-0.074809,-0.031719,-0.084044,0.001657,0.041286,0.10063,0.0049833,0.073212,0.20703,0.17783,0.22882,0.082908,0.26821,0.22822,0.44552,0.35761,0.29099,0.131,0.45409,0.22198,0.2869,0.26654,0.064513,0.064461,-0.043063,-0.12529,0.2748,0.18856,0.22967,0.14029,0.096718,0.11275,-0.031995,0.061716,0.04706,0.037255,0.1262,0.22106,0.35333,0.38255,0.31496,0.22478,0.44157,0.29173,0.052637,0.11937,0.36171,0.30814,0.16192,0.23272,0.082798,0.13624,0.066565,0.085981,0.099817,0.14177,0.23477,0.29905,0.16523,0.23081,0.20445,0.18029,0.059969,0.076763,0.086833,0.088967,0.051964,0.09083,-0.062847,0.07136,0.060911,0.094049,0.065883,0.0010918],
		[0.47734,1,-0.082275,0.066189,-0.0012871,0.033334,0.041478,0.12416,0.1019,0.099088,0.27394,0.39701,0.10722,0.17518,0.030227,0.087515,0.44663,0.57743,0.45485,0.48106,-0.055513,-0.0053014,-0.084716,-0.1225,-0.16668,-0.19359,-0.033398,-0.067501,0.32968,0.47568,-0.069501,0.033002,0.12452,0.20865,-0.14548,-0.12689,0.083805,0.17492,0.050956,0.099733,0.16754,0.16045,0.027096,0.10834,0.12834,0.25802,0.171,0.29387,0.25879,0.41127,0.32319,0.38142,0.38617,0.26526,0.38563,0.4128,0.59584,0.65287,0.2501,0.32885,0.23876,0.25742,0.41683,0.54512,-0.24034,-0.14458,-0.11563,-0.078519,0.45265,0.45578,0.14547,0.16205,0.069795,0.20421,-0.011614,0.041365,0.074368,0.12399,0.18766,0.33094,0.54447,0.54883,0.38588,0.43371,0.21044,0.26405,0.005819,0.14906,0.20798,0.37446,0.16649,0.09525,-0.0047584,-0.088154,0.16086,0.14231,0.15233,0.23952,0.41155,0.33247,0.18773,0.14834,0.38293,0.34176,0.07416,0.11272,0.01972,0.071338,0.1,0.11386,-0.047467,0.28509,0.18157,0.25758,0.066316,-0.0048369],
		[0.21692,-0.082275,1,0.57471,0.43721,0.18967,0.67952,0.36153,0.36581,-0.014933,0.18693,-0.010471,0.48813,0.21184,0.40815,0.22323,0.035236,0.012424,0.20838,0.085641,0.12321,-0.071898,0.7318,0.59751,0.47454,0.40625,0.23141,0.12173,0.024393,-0.040728,0.33978,0.20493,0.45353,0.29396,0.46157,0.21042,0.29874,0.17679,0.096568,0.056383,0.12868,0.055557,0.24345,0.23712,0.08401,0.022869,0.20364,0.13503,0.085717,-0.11076,0.2191,0.093427,0.1919,0.17113,0.14996,0.11556,0.00027053,-0.051786,0.29797,-0.0064153,0.32014,0.14818,-0.043359,-0.016363,0.63613,0.53116,0.61873,0.47238,-0.030262,0.059282,0.34969,0.26812,0.17512,0.081158,-0.0036558,0.022231,0.18045,0.23209,0.083739,0.097798,0.0054468,0.018124,0.10925,-0.11069,0.40551,0.33177,0.14043,0.011747,0.35026,0.11605,0.42098,0.59952,0.50488,0.61819,0.09834,0.15717,0.099985,0.13184,0.15537,0.27783,0.097308,0.32702,0.067783,0.10967,0.2871,0.35171,0.17073,0.22176,0.06666,-0.018106,-0.14114,0.0039598,0.071619,0.052732,0.049126,0.021003],
		[0.084043,0.066189,0.57471,1,0.21953,0.3139,0.57615,0.73142,0.35324,0.29318,0.042433,0.15881,0.1505,0.29684,0.18566,0.25448,0.19294,0.14799,0.26326,0.2197,0.02894,-0.02772,0.48309,0.53977,0.15537,0.30144,0.02057,-0.0041601,0.16779,0.20202,0.24738,0.23766,0.41535,0.44694,0.32632,0.1844,0.17709,0.12234,0.054114,0.06058,0.1251,0.054997,0.29292,0.32923,0.19003,0.17393,0.22481,0.20273,0.1518,0.043409,0.26684,0.24028,0.29651,0.20584,0.14699,0.13868,0.073258,0.11731,0.34318,0.24419,0.33808,0.48214,0.10981,0.23319,0.2954,0.60399,0.47957,0.5777,-0.0098878,0.13773,0.3484,0.31591,0.22992,0.23291,-0.020668,0.088816,0.19648,0.28938,0.14147,0.14197,0.17255,0.11592,0.1138,-0.001087,0.13684,0.31072,0.01639,-0.016672,0.18743,0.22555,0.57257,0.50157,0.60457,0.39696,0.14018,0.19197,0.16446,0.17559,0.32747,0.35509,0.31769,0.33346,0.25215,0.25326,0.37881,0.32193,0.17811,0.2516,0.067462,0.0038636,-0.062612,0.11495,0.12863,0.15729,0.10746,0.071766],
		[0.18661,-0.0012871,0.43721,0.21953,1,0.21045,0.43404,0.16634,0.42405,0.15864,0.11266,-0.015619,0.39605,0.186,0.4022,0.20884,0.014715,-0.0019059,0.0064816,-0.013508,0.10875,-0.036891,0.39814,0.36577,0.27145,0.24664,0.27173,0.08773,-0.037089,-0.053511,0.064321,0.059718,0.23173,0.13609,0.31463,0.077512,0.18487,0.10098,0.091752,0.011695,0.11256,0.068138,0.027018,0.091832,-0.035245,-0.047836,0.05106,-0.0014806,-0.0086677,-0.12365,0.15785,0.038348,0.086546,0.06196,0.088157,0.028988,-0.068424,-0.038141,0.2855,-0.01971,0.34707,0.20261,-0.057088,0.010459,0.48786,0.44501,0.36696,0.25189,0.021813,0.039048,0.15773,0.11862,0.07524,0.042578,0.0054496,-0.042604,0.085965,0.062537,0.027927,0.031114,0.043093,0.069007,0.064342,-0.079649,0.34837,0.26592,0.076585,-0.01877,0.29815,0.13166,0.25483,0.38069,0.32898,0.44275,0.024798,0.096731,0.043486,-0.0019277,0.0067686,0.074986,0.023342,0.24227,-0.014007,-0.011126,0.18189,0.21889,0.13328,0.12347,-0.020915,-0.037303,-0.034129,-0.01829,0.0014024,-0.011635,0.03836,0.046138],
		[0.059701,0.033334,0.18967,0.3139,0.21045,1,0.281,0.40467,0.31443,0.44599,0.039129,0.13767,0.14791,0.28585,0.17796,0.31599,0.10096,0.036345,0.020872,0.015323,-0.0069302,0.088999,0.19234,0.29241,0.048694,0.17481,-0.010881,0.12891,0.063806,0.092749,0.017779,0.10421,0.21514,0.24188,0.16849,0.065163,0.017946,0.026463,0.061943,0.072748,0.10352,0.053722,0.092329,0.1615,0.054623,0.056503,0.11553,0.094697,0.11975,0.056367,0.23403,0.19081,0.15465,0.11684,0.13582,0.046518,-0.050361,0.013326,0.28851,0.14162,0.27758,0.43362,-0.0034636,0.17166,0.18614,0.43099,0.24548,0.30074,-0.051381,0.0095193,0.12322,0.15086,0.17579,0.10473,0.0063014,0.071432,0.097144,0.15292,0.054497,0.045183,0.076762,0.03709,0.021288,0.0058101,0.079701,0.2073,-0.040816,-0.047373,0.12527,0.16616,0.28245,0.19188,0.35372,0.21913,0.065494,0.063454,-0.0020928,0.030576,0.078597,0.10223,0.17358,0.21552,0.11955,0.063315,0.22837,0.16539,0.11305,0.12311,0.049758,-0.0045087,-0.021201,0.035214,0.087615,0.081745,0.045194,0.058881],
		[0.32978,0.041478,0.67952,0.57615,0.43404,0.281,1,0.57916,0.5428,0.26778,0.23993,0.07806,0.37048,0.18226,0.31942,0.14949,0.16776,0.11322,0.18174,0.040924,0.0035019,-0.041088,0.46744,0.34676,0.18107,0.15015,0.11745,-0.014751,0.21178,0.16367,0.11065,0.092018,0.36194,0.26566,0.22948,0.04896,0.17245,0.13293,0.035177,0.0089227,0.1189,0.062079,0.13198,0.22057,-0.012219,-0.017429,0.10783,0.057458,0.018756,-0.069657,0.26756,0.15277,0.22407,0.11714,0.10576,0.021144,0.013161,0.063557,0.54524,0.17716,0.64955,0.4498,0.12858,0.19149,0.38436,0.58787,0.43181,0.39927,-0.038689,0.041576,0.35788,0.26415,0.16495,0.15608,-0.021532,0.045104,0.19416,0.20474,0.1001,0.12984,0.12075,0.075525,0.096769,-0.056047,0.23415,0.22332,-0.017391,-0.14637,0.31606,0.20404,0.52141,0.65061,0.53458,0.60806,0.099678,0.11063,0.043972,0.0503,0.20056,0.37298,0.22758,0.47539,0.17726,0.22113,0.29096,0.29154,0.18911,0.27808,0.027306,-0.039081,-0.064478,0.031358,0.12859,0.053755,0.054984,0.061521],
		[0.10507,0.12416,0.36153,0.73142,0.16634,0.40467,0.57916,1,0.46834,0.53446,0.097756,0.30702,0.10529,0.34219,0.15122,0.24627,0.28042,0.23855,0.228,0.20179,-0.085209,-0.0015002,0.28745,0.35359,-0.14121,0.030145,-0.091354,-0.12704,0.2997,0.35975,0.1121,0.16463,0.39734,0.45567,0.13421,0.078405,0.055616,-0.0051428,0.0099562,-0.012505,0.087934,0.034208,0.24412,0.36315,0.16124,0.19036,0.23875,0.22345,0.19275,0.15667,0.32001,0.32488,0.37549,0.25158,0.13931,0.1025,0.067698,0.19371,0.46763,0.38809,0.51132,0.76022,0.24525,0.41241,0.061314,0.58323,0.31695,0.49338,0.01288,0.16477,0.29067,0.25812,0.22804,0.21269,-0.020568,0.078838,0.20999,0.27617,0.16079,0.18891,0.24326,0.11347,0.11403,0.038698,0.0078045,0.18479,-0.1342,-0.13472,0.12707,0.28309,0.64073,0.47429,0.61806,0.3386,0.14599,0.13794,0.1073,0.098147,0.3615,0.42527,0.43697,0.41689,0.36455,0.35278,0.36961,0.26998,0.18574,0.267,0.046353,-0.028296,-0.013522,0.1289,0.20906,0.14103,0.11899,0.14093],
		[0.25059,0.1019,0.36581,0.35324,0.42405,0.31443,0.5428,0.46834,1,0.4245,0.19582,0.127,0.28259,0.24062,0.37439,0.19538,0.14394,0.11359,0.11842,0.042944,-0.040132,0.0078347,0.33301,0.28944,0.063685,0.06226,0.10995,-0.096371,0.15702,0.18299,0.046109,0.059088,0.30892,0.22375,0.16707,0.018657,0.073643,-0.0024111,0.074789,-0.0093353,0.12355,0.042919,0.042835,0.18268,-0.020424,0.0095473,0.072772,0.056826,0.069888,0.057635,0.27771,0.20601,0.26451,0.18135,0.098278,0.029304,0.052732,0.080872,0.43528,0.1743,0.52222,0.507,0.12505,0.24279,0.25091,0.49004,0.29331,0.29919,0.054883,0.10367,0.22887,0.1703,0.15278,0.1415,-0.035446,0.023119,0.11721,0.16351,0.060579,0.075163,0.15053,0.083185,0.091676,-0.031802,0.22088,0.21028,-0.064994,-0.1097,0.2459,0.23377,0.42585,0.45449,0.47687,0.45329,0.069504,0.11479,0.065492,0.038075,0.17248,0.23167,0.23236,0.40849,0.19218,0.17805,0.21635,0.2246,0.1534,0.16023,0.046459,-0.041773,-0.041653,0.0069398,0.1386,0.048156,0.041004,0.060985],
		[0.070469,0.099088,-0.014933,0.29318,0.15864,0.44599,0.26778,0.53446,0.4245,1,0.061452,0.22271,0.064075,0.25512,0.22662,0.30724,0.16669,0.14447,0.016829,0.02572,-0.15009,0.033336,0.046421,0.18422,-0.22523,-0.055182,-0.076262,-0.097357,0.1132,0.26176,-0.11029,0.025786,0.14584,0.20726,-0.043238,-0.065868,-0.079049,-0.059708,0.01111,-0.011065,0.038823,0.0013095,0.023763,0.15797,0.023232,0.076388,0.06319,0.071869,0.11433,0.16227,0.24143,0.25244,0.24778,0.18151,0.094355,0.031177,-0.012256,0.083371,0.32534,0.24576,0.35876,0.6414,0.12948,0.29873,-0.043005,0.37729,0.0063842,0.13379,-0.0068686,0.022254,0.12942,0.10002,0.15914,0.14988,0.002556,0.037473,0.082506,0.12774,0.076682,0.075362,0.17066,0.079907,0.029775,0.025558,-0.036039,0.10347,-0.18047,-0.11856,0.088737,0.23867,0.37061,0.21626,0.37587,0.15737,0.059207,0.055324,-0.0026064,-0.062155,0.17346,0.14747,0.2591,0.25322,0.18374,0.15689,0.18842,0.095978,0.16041,0.12458,-0.0042575,-0.020014,0.023153,0.019067,0.14855,0.051729,0.060371,0.082418],
		[0.50076,0.27394,0.18693,0.042433,0.11266,0.039129,0.23993,0.097756,0.19582,0.061452,1,0.34209,0.5346,0.19797,0.35136,0.20753,0.30384,0.29253,0.38093,0.22184,-0.053067,-0.078609,0.28473,0.11878,-0.039544,-0.10668,0.055257,-0.042667,0.33407,0.31125,0.10839,0.085608,0.20612,0.12997,-0.01957,-0.14634,0.053247,0.055173,0.020008,0.020767,0.1234,0.08738,0.096785,0.15146,0.013704,0.062187,0.18473,0.16476,0.10493,0.083168,0.18136,0.17724,0.2099,0.11171,0.15313,0.12859,0.21626,0.20694,0.18558,0.1048,0.35315,0.17232,0.35707,0.29616,-0.0095856,-0.0038266,0.014801,-0.067416,0.096433,0.093886,0.30359,0.22939,0.099765,0.069104,-0.0083751,0.050874,0.16673,0.12266,0.17717,0.23978,0.27968,0.25844,0.35563,0.15711,0.35846,0.15989,-0.0083,0.068138,0.30674,0.19394,0.22954,0.27528,0.14348,0.18669,0.045518,0.069307,0.041795,0.020155,0.21963,0.31301,0.15292,0.19831,0.21847,0.21407,0.12471,0.11975,0.12996,0.076929,0.042831,0.058406,-0.044669,0.044097,0.046282,0.08869,0.095207,0.036663],
		[0.21779,0.39701,-0.010471,0.15881,-0.015619,0.13767,0.07806,0.30702,0.127,0.22271,0.34209,1,0.23511,0.52524,0.15597,0.37797,0.33531,0.37164,0.37395,0.43287,-0.075918,-0.041578,0.13552,0.15444,-0.2213,-0.13057,-0.050067,-0.042823,0.36661,0.52065,0.12465,0.15061,0.23926,0.32809,-0.10012,-0.10606,0.0059549,0.074152,0.034954,0.078762,0.10065,0.15773,0.17215,0.26073,0.11068,0.19332,0.22862,0.26404,0.2245,0.26533,0.16046,0.2402,0.26753,0.17953,0.19562,0.20361,0.27028,0.32721,0.1416,0.21457,0.2029,0.36497,0.34137,0.50719,-0.1913,-0.010571,-0.054082,0.0029546,0.15526,0.23693,0.17849,0.18744,0.10883,0.14604,0.0039966,0.070813,0.11329,0.20004,0.19325,0.24655,0.35621,0.3637,0.32124,0.23872,0.13887,0.25238,-0.088767,0.10505,0.14542,0.3029,0.23381,0.081742,0.11126,-0.049498,0.11105,0.091429,0.12028,0.083461,0.27509,0.27148,0.2526,0.10533,0.29017,0.26852,0.16312,0.128,0.14148,0.10465,0.050444,0.07541,0.06839,0.18151,0.13168,0.19575,0.1222,0.1083],
		[0.44182,0.10722,0.48813,0.1505,0.39605,0.14791,0.37048,0.10529,0.28259,0.064075,0.5346,0.23511,1,0.39909,0.62976,0.41438,0.11192,0.097353,0.21068,0.1407,0.068656,-0.081213,0.58451,0.44573,0.32145,0.20554,0.22499,0.18625,0.10785,0.07688,0.21079,0.13907,0.31096,0.11405,0.24738,-0.014238,0.22035,0.19541,0.12521,0.088151,0.17628,0.099565,0.14684,0.18795,-0.046008,-0.023004,0.20501,0.14176,0.074129,-0.05387,0.21661,0.12256,0.14304,0.1788,0.22987,0.12074,0.029074,0.0081758,0.21835,-0.036204,0.35329,0.178,0.053995,0.088059,0.47284,0.29588,0.28275,0.10954,0.057822,0.047126,0.25271,0.16329,0.086297,0.051316,0.00062911,-0.019274,0.1654,0.15414,0.11575,0.15633,0.1416,0.19677,0.31407,0.076575,0.54551,0.38725,0.15445,0.11591,0.45187,0.15323,0.26115,0.34919,0.30335,0.38341,0.10195,0.076905,0.068679,0.03295,0.080823,0.16757,0.070514,0.20601,0.077996,0.037874,0.21529,0.20822,0.19122,0.14199,0.031579,0.047649,-0.065498,-0.045606,0.024312,0.05398,0.082423,0.035171],
		[0.13745,0.17518,0.21184,0.29684,0.186,0.28585,0.18226,0.34219,0.24062,0.25512,0.19797,0.52524,0.39909,1,0.37152,0.56974,0.14025,0.10844,0.13912,0.23415,0.077702,-0.018803,0.39815,0.49548,0.10434,0.20686,0.065474,0.13506,0.17492,0.28087,0.23992,0.23635,0.29175,0.31843,0.17584,0.090678,0.16406,0.16788,0.14841,0.13974,0.19985,0.16971,0.26886,0.29882,0.13048,0.15279,0.26259,0.21489,0.17817,0.10214,0.18951,0.15309,0.176,0.11993,0.23218,0.16728,0.069438,0.060741,0.12058,0.018738,0.17458,0.37225,0.064298,0.26202,0.24986,0.34964,0.2302,0.24756,0.035682,0.13737,0.16272,0.14467,0.17425,0.12611,0.028786,0.042679,0.12023,0.21819,0.15072,0.16366,0.23399,0.33295,0.26305,0.15978,0.34108,0.48591,0.033225,0.16492,0.2572,0.28753,0.24134,0.13439,0.31913,0.13802,0.11108,0.12773,0.10798,0.10585,0.14779,0.13731,0.22426,0.12213,0.1471,0.10531,0.27388,0.23242,0.17348,0.11057,0.075856,0.024788,0.02333,0.051051,0.067594,0.099246,0.1519,0.119],
		[0.29299,0.030227,0.40815,0.18566,0.4022,0.17796,0.31942,0.15122,0.37439,0.22662,0.35136,0.15597,0.62976,0.37152,1,0.46711,0.040491,0.041838,0.10305,0.033424,0.078503,-0.04654,0.55133,0.4748,0.24148,0.19275,0.21555,0.15371,0.078474,0.079951,0.19252,0.14998,0.31285,0.16379,0.24154,-0.015299,0.12509,0.13221,0.05698,0.058463,0.1134,0.094954,0.096356,0.15874,-0.034826,-0.02835,0.16415,0.10378,0.057839,-0.017036,0.1956,0.12157,0.13312,0.20428,0.20962,0.1167,-0.035597,-0.041846,0.19129,-0.033084,0.29852,0.25193,-0.020962,0.046416,0.44864,0.35237,0.21559,0.096119,0.029424,0.035348,0.20945,0.13336,0.11965,0.080285,-0.0070571,-0.018468,0.14183,0.15695,0.087932,0.098613,0.071405,0.11448,0.24353,-0.0086715,0.43937,0.34591,0.079938,0.047078,0.40839,0.13993,0.26626,0.34691,0.33089,0.37628,0.058599,0.10162,0.070336,0.03088,0.099689,0.12602,0.056137,0.21886,0.085317,0.013305,0.20742,0.23187,0.19352,0.12801,0.036151,0.030723,-0.037606,-0.038495,0.073211,0.033886,0.081991,0.032814],
		[0.15136,0.087515,0.22323,0.25448,0.20884,0.31599,0.14949,0.24627,0.19538,0.30724,0.20753,0.37797,0.41438,0.56974,0.46711,1,0.11683,0.10233,0.13077,0.18895,0.078412,-0.027429,0.47051,0.5494,0.14537,0.23441,0.070285,0.1089,0.1161,0.19212,0.24892,0.25053,0.26522,0.25877,0.14029,0.02847,0.13057,0.16184,0.10044,0.13814,0.13703,0.13339,0.17755,0.1891,0.067428,0.069038,0.19707,0.15705,0.096377,0.061046,0.095707,0.10715,0.12947,0.16037,0.22661,0.15541,0.043995,0.023883,0.014437,-0.038541,0.088753,0.2952,-0.016484,0.16232,0.26267,0.30444,0.096817,0.097138,0.028839,0.029044,0.17921,0.13484,0.14195,0.086245,0.046834,0.02097,0.10704,0.1731,0.13818,0.11864,0.17423,0.20445,0.20384,0.13353,0.31313,0.37428,0.038108,0.15296,0.23197,0.22161,0.20735,0.15799,0.27566,0.15041,0.11051,0.14586,0.11843,0.060214,0.12822,0.067376,0.1328,0.070604,0.098559,0.04545,0.2174,0.15148,0.1674,0.073771,0.027748,-0.00028262,0.019845,0.034402,0.02357,0.032764,0.11943,0.042685],
		[0.23896,0.44663,0.035236,0.19294,0.014715,0.10096,0.16776,0.28042,0.14394,0.16669,0.30384,0.33531,0.11192,0.14025,0.040491,0.11683,1,0.69238,0.48258,0.35887,-0.13498,-0.045372,-0.01029,-0.046519,-0.18551,-0.14477,-0.0748,-0.099301,0.53652,0.59185,0.079111,0.066245,0.32705,0.40359,-0.019001,-0.034153,0.038413,0.10827,0.045612,0.040868,0.11424,0.11381,0.2548,0.32304,0.29688,0.34995,0.2992,0.2931,0.32151,0.34073,0.26135,0.34895,0.38352,0.24608,0.21441,0.22811,0.53357,0.59422,0.24252,0.35215,0.27507,0.2888,0.62499,0.67024,-0.18819,-0.040188,0.064891,0.14128,0.27622,0.35283,0.24637,0.18087,0.18595,0.22649,0.038798,0.058125,0.20038,0.20885,0.37652,0.44745,0.59512,0.35071,0.33549,0.32567,0.083274,0.10021,-0.0641,-0.018643,0.16096,0.24631,0.2811,0.21817,0.13601,0.039796,0.13908,0.17148,0.12076,0.21552,0.48502,0.4223,0.21191,0.18596,0.48396,0.40059,0.15363,0.18047,0.12727,0.11777,0.048361,0.10633,-0.015494,0.28688,0.16727,0.24017,0.098471,0.039968],
		[0.30927,0.57743,0.012424,0.14799,-0.0019059,0.036345,0.11322,0.23855,0.11359,0.14447,0.29253,0.37164,0.097353,0.10844,0.041838,0.10233,0.69238,1,0.56837,0.46004,-0.093005,-0.047102,-0.023118,-0.095753,-0.17919,-0.19848,-0.091771,-0.14284,0.47234,0.62501,0.040799,0.050588,0.28802,0.37006,-0.079219,-0.12395,0.050938,0.14756,0.039172,0.047994,0.1458,0.094285,0.16702,0.25413,0.26262,0.33167,0.26275,0.32625,0.29323,0.36153,0.22346,0.34318,0.40806,0.26897,0.25603,0.30414,0.63685,0.73083,0.20883,0.35681,0.26387,0.2608,0.63242,0.72484,-0.24109,-0.10394,-0.0040233,0.049153,0.38623,0.45404,0.24344,0.1709,0.084652,0.2091,-0.027754,0.061322,0.1813,0.2195,0.27856,0.48225,0.6411,0.48365,0.34964,0.40679,0.11074,0.12421,-0.087945,0.046367,0.16241,0.29076,0.25203,0.21717,0.10333,0.027681,0.16166,0.20283,0.15076,0.25002,0.50672,0.43917,0.20459,0.20057,0.48069,0.43638,0.11169,0.17181,0.061696,0.097932,0.10432,0.11185,-0.014502,0.34164,0.17083,0.25068,0.077499,0.0075138],
		[0.40557,0.45485,0.20838,0.26326,0.0064816,0.020872,0.18174,0.228,0.11842,0.016829,0.38093,0.37395,0.21068,0.13912,0.10305,0.13077,0.48258,0.56837,1,0.57037,-0.082496,-0.084828,0.20058,0.090044,-0.050584,-0.092311,-0.024357,-0.098443,0.38336,0.49711,0.1423,0.11855,0.29811,0.33513,-0.0026539,-0.095941,0.12569,0.094329,0.040899,0.058366,0.10774,0.07964,0.15452,0.20042,0.16712,0.20733,0.24291,0.25365,0.18338,0.20528,0.15753,0.22961,0.32942,0.20614,0.22079,0.30269,0.48443,0.46003,0.11019,0.16419,0.16904,0.17792,0.48859,0.51785,-0.081985,-0.039997,0.044971,0.06381,0.39306,0.42828,0.30879,0.29838,0.16979,0.20855,-0.012781,0.073752,0.19176,0.21322,0.22338,0.3543,0.49459,0.42674,0.3604,0.31332,0.26117,0.18066,0.0065286,0.11957,0.2033,0.29173,0.25128,0.22874,0.12977,0.069927,0.14638,0.20501,0.18067,0.24191,0.39804,0.40444,0.21591,0.14381,0.35019,0.35762,0.11698,0.16533,0.057728,0.079905,0.13741,0.089453,-0.038406,0.2269,0.11094,0.1762,0.059825,-0.011623],
		[0.26663,0.48106,0.085641,0.2197,-0.013508,0.015323,0.040924,0.20179,0.042944,0.02572,0.22184,0.43287,0.1407,0.23415,0.033424,0.18895,0.35887,0.46004,0.57037,1,-0.10289,-0.019736,0.12074,0.14042,-0.044504,-0.045971,-0.037643,-0.082596,0.3273,0.43276,0.14618,0.12703,0.25363,0.33962,-0.00033863,-0.028796,0.124,0.15417,0.048027,0.056547,0.12712,0.13077,0.10367,0.12451,0.12502,0.1787,0.17127,0.25109,0.16805,0.21838,0.15437,0.20841,0.29106,0.21013,0.24382,0.30262,0.37887,0.40906,0.054369,0.16189,0.072137,0.17155,0.38598,0.44638,-0.11137,-0.060406,0.016547,0.053103,0.48563,0.52888,0.18106,0.2291,0.13148,0.19538,0.011736,0.031075,0.13859,0.19961,0.20026,0.29331,0.4502,0.40546,0.30758,0.29163,0.21576,0.22578,0.036093,0.18192,0.12711,0.27017,0.1982,0.062825,0.10659,-0.057423,0.19514,0.23939,0.19214,0.24296,0.32662,0.25074,0.19857,0.021161,0.31911,0.24459,0.11951,0.12119,0.075903,0.062586,0.11132,0.042493,0.026287,0.22212,0.095805,0.23078,0.082551,-0.038459],
		[-0.081796,-0.055513,0.12321,0.02894,0.10875,-0.0069302,0.0035019,-0.085209,-0.040132,-0.15009,-0.053067,-0.075918,0.068656,0.077702,0.078503,0.078412,-0.13498,-0.093005,-0.082496,-0.10289,1,0.040676,0.15103,0.13962,0.25755,0.21866,0.11507,0.1108,-0.08036,-0.11008,0.17586,0.11582,0.028545,0.004763,0.13656,0.085448,0.13477,0.11673,0.024308,0.06011,0.067644,0.021944,0.09506,0.070101,-0.022891,-0.035595,0.048695,-0.0085321,-0.047168,-0.13866,-0.034656,-0.1047,-0.088744,-0.011067,-0.028569,-0.045948,-0.093341,-0.12687,-0.080216,-0.17586,-0.08399,-0.13182,-0.17233,-0.15606,0.21549,0.099979,0.14509,0.095205,-0.065292,-0.035722,0.062181,0.0098457,-0.037365,-0.041788,0.0073834,-0.0045859,0.068474,0.052118,-0.056435,0.040342,-0.081373,-0.01412,0.01114,-0.042181,0.089368,0.072305,0.087014,0.022503,0.022023,-0.074714,-0.039817,0.012734,0.027155,0.12831,-0.011722,-0.018345,0.037152,0.022952,-0.077081,-0.040626,-0.060601,-0.021527,-0.10417,-0.087241,0.059307,0.11078,0.014727,0.076166,-0.0056666,-0.021679,-0.079744,-0.086974,0.0073544,-0.025641,0.071357,0.029266],
		[-0.09974,-0.0053014,-0.071898,-0.02772,-0.036891,0.088999,-0.041088,-0.0015002,0.0078347,0.033336,-0.078609,-0.041578,-0.081213,-0.018803,-0.04654,-0.027429,-0.045372,-0.047102,-0.084828,-0.019736,0.040676,1,-0.043223,-0.020862,0.0023571,0.050744,-0.02818,0.03808,0.0020546,-0.014805,0.0035388,0.06686,-0.0098016,-0.011835,-0.01777,0.075183,0.0010213,-0.00031372,0.011617,0.045002,0.016014,-0.019608,0.051577,0.019312,0.030717,0.0033067,0.015827,-0.029724,0.0024571,0.0015326,0.05742,0.044922,-0.0031174,-0.0090996,-0.030393,-0.023922,-0.088913,-0.063427,0.0029889,0.011414,-0.039179,0.0088186,-0.047975,-0.047344,-0.014264,0.017015,0.0063741,0.039203,-0.015867,-0.064471,0.0047697,0.0035859,-0.0082151,-0.036286,-0.014942,0.055004,-0.0046894,0.028311,-0.019358,-0.02893,-0.033534,-0.075598,-0.060384,-0.02384,-0.071326,-0.043619,-0.022957,-0.03078,-0.057258,-0.071969,-0.04662,-0.091928,-0.020589,-0.063457,-0.091153,-0.022643,-0.016619,-0.021688,-0.01853,-0.065615,-0.0033109,0.021905,-0.011814,-0.013808,0.051836,-0.01646,0.0049958,0.0038769,-0.0070155,-0.0044476,0.014102,-0.062253,0.027246,-0.012814,0.11142,0.043639],
		[0.20622,-0.084716,0.7318,0.48309,0.39814,0.19234,0.46744,0.28745,0.33301,0.046421,0.28473,0.13552,0.58451,0.39815,0.55133,0.47051,-0.01029,-0.023118,0.20058,0.12074,0.15103,-0.043223,1,0.76233,0.4561,0.43925,0.21316,0.13847,0.023073,-0.0054736,0.46135,0.32525,0.48704,0.27002,0.42874,0.15866,0.28061,0.17365,0.13901,0.076521,0.11075,0.086152,0.29491,0.27697,0.075237,0.033551,0.24851,0.15298,0.077558,-0.12243,0.11403,0.030536,0.11651,0.18001,0.14804,0.10371,-0.076363,-0.14115,0.11118,-0.14087,0.1945,0.13211,-0.12031,-0.06135,0.60584,0.47304,0.48382,0.34415,-0.054174,-0.030795,0.35768,0.28335,0.17458,0.06622,0.0085115,-0.014663,0.17472,0.24998,0.10257,0.11337,-0.0057715,0.066102,0.20011,-0.060431,0.48888,0.36504,0.15006,0.12053,0.36314,0.14178,0.37816,0.48977,0.49126,0.53735,0.064752,0.15706,0.087929,0.074156,0.12424,0.20377,0.10051,0.21663,0.016289,0.048799,0.28263,0.3003,0.17835,0.19005,0.055673,-0.02236,-0.10964,-0.028412,0.047297,0.028301,0.10421,0.027057],
		[0.056915,-0.1225,0.59751,0.53977,0.36577,0.29241,0.34676,0.35359,0.28944,0.18422,0.11878,0.15444,0.44573,0.49548,0.4748,0.5494,-0.046519,-0.095753,0.090044,0.14042,0.13962,-0.020862,0.76233,1,0.41461,0.53721,0.17707,0.18662,-0.084144,-0.061704,0.3702,0.31367,0.38308,0.2795,0.44144,0.2233,0.24393,0.14798,0.14319,0.11107,0.1191,0.089635,0.23082,0.23213,0.071096,0.01673,0.19793,0.1231,0.067124,-0.11531,0.098215,0.021154,0.1157,0.15992,0.16462,0.12243,-0.1208,-0.20333,0.010567,-0.17036,0.028039,0.21827,-0.20324,-0.082541,0.58432,0.56053,0.44189,0.36768,-0.055769,-0.017719,0.26535,0.25211,0.19563,0.098703,0.0053914,0.018316,0.12461,0.22175,0.10049,0.048246,-0.020805,0.06455,0.10098,-0.075232,0.41926,0.44523,0.1665,0.15067,0.30109,0.18632,0.36518,0.36695,0.52551,0.41987,0.057482,0.16686,0.087797,0.044107,0.080474,0.063343,0.12313,0.12017,-0.046477,-0.025376,0.30945,0.28203,0.15187,0.12522,0.036069,-0.035411,-0.072532,-0.054251,-0.039842,0.01542,0.055856,0.018053],
		[0.010151,-0.16668,0.47454,0.15537,0.27145,0.048694,0.18107,-0.14121,0.063685,-0.22523,-0.039544,-0.2213,0.32145,0.10434,0.24148,0.14537,-0.18551,-0.17919,-0.050584,-0.044504,0.25755,0.0023571,0.4561,0.41461,1,0.58671,0.28214,0.31292,-0.20286,-0.28048,0.30213,0.15329,0.15898,0.013269,0.37536,0.18711,0.29756,0.19487,0.15907,0.15309,0.10335,0.03616,0.1749,0.074498,0.027579,-0.036865,0.094409,-0.00058463,-0.028449,-0.19409,0.066189,-0.10196,-0.081681,0.0031851,0.12655,0.078372,-0.13375,-0.25642,-0.060686,-0.32753,-0.097838,-0.23068,-0.2862,-0.28784,0.65676,0.32692,0.42828,0.26386,-0.068138,-0.066107,0.11288,0.049327,0.074057,0.0040912,0.023644,-0.056543,0.039455,0.054419,-0.008436,-0.033072,-0.092441,0.0061544,0.041107,-0.11769,0.39845,0.35043,0.28593,0.146,0.24913,-0.054827,0.025951,0.17221,0.17147,0.33773,0.045311,0.10256,0.049118,0.043659,-0.099337,-0.099568,-0.12708,0.01483,-0.21636,-0.19295,0.13284,0.14088,0.047755,-0.00035459,0.065788,-0.01437,-0.14882,-0.097851,-0.059967,-0.022629,-0.0092038,-0.078961],
		[-0.099755,-0.19359,0.40625,0.30144,0.24664,0.17481,0.15015,0.030145,0.06226,-0.055182,-0.10668,-0.13057,0.20554,0.20686,0.19275,0.23441,-0.14477,-0.19848,-0.092311,-0.045971,0.21866,0.050744,0.43925,0.53721,0.58671,1,0.20222,0.27539,-0.19695,-0.24674,0.30174,0.25093,0.16322,0.099608,0.39881,0.2787,0.25896,0.15603,0.15517,0.17433,0.096038,0.043461,0.22621,0.13637,0.078228,-0.0026096,0.094987,-0.0088503,0.012742,-0.18652,0.038934,-0.1041,-0.040897,0.0039861,0.080686,0.029217,-0.14104,-0.25922,-0.069676,-0.28801,-0.15437,-0.11256,-0.30034,-0.25432,0.60167,0.4228,0.4387,0.36276,-0.15508,-0.12734,0.13882,0.092513,0.13332,0.02499,0.06725,-0.045759,0.071271,0.1149,-0.017973,-0.026516,-0.093799,-0.020474,-0.019128,-0.10269,0.30073,0.34973,0.22465,0.16034,0.15572,-0.036699,0.099941,0.14701,0.26185,0.29539,0.042844,0.074392,0.0005865,0.018507,-0.052537,-0.112,-0.029893,-0.021869,-0.17387,-0.15218,0.1926,0.18808,0.048335,0.055943,0.022427,-0.027144,-0.10795,-0.0976,-0.084891,-0.017404,0.067338,-0.052839],
		[0.098212,-0.033398,0.23141,0.02057,0.27173,-0.010881,0.11745,-0.091354,0.10995,-0.076262,0.055257,-0.050067,0.22499,0.065474,0.21555,0.070285,-0.0748,-0.091771,-0.024357,-0.037643,0.11507,-0.02818,0.21316,0.17707,0.28214,0.20222,1,0.16679,-0.050122,-0.10245,0.065561,0.06185,0.057026,-0.030115,0.14417,0.06064,0.13163,0.11376,0.04782,0.066592,0.097956,0.11365,0.036214,0.017673,-0.046113,-0.035036,0.048078,-0.025755,0.0047348,-0.093054,0.073507,-0.018947,0.013073,-0.042371,0.097133,0.075242,-0.053838,-0.094253,0.068275,-0.086204,0.092413,-0.070633,-0.081976,-0.10863,0.3346,0.13445,0.19639,0.10049,-0.0030635,-0.0012311,0.01464,-0.015747,0.0030252,0.027689,0.035523,-0.099331,0.016207,-0.00081145,-0.0017494,0.044447,0.003202,0.054818,0.060397,0.0049221,0.2806,0.21717,0.15299,0.10166,0.21743,0.048698,0.0038882,0.09068,0.051298,0.16867,0.0090841,0.010273,0.052608,0.0030404,-0.053173,-0.00078627,-0.052108,0.042805,-0.050718,-0.06637,0.066493,0.14109,0.049627,0.05417,-0.016349,-0.033231,-0.022238,-0.045803,-0.028061,0.0053647,0.013818,-0.016367],
		[-0.038511,-0.067501,0.12173,-0.0041601,0.08773,0.12891,-0.014751,-0.12704,-0.096371,-0.097357,-0.042667,-0.042823,0.18625,0.13506,0.15371,0.1089,-0.099301,-0.14284,-0.098443,-0.082596,0.1108,0.03808,0.13847,0.18662,0.31292,0.27539,0.16679,1,-0.14318,-0.18348,0.046011,0.058865,0.0096665,-0.029445,0.19244,0.082158,0.081338,0.10643,0.052059,0.078692,0.10214,0.082239,0.021987,-0.032318,-0.039886,-0.063456,0.019996,-0.022096,-0.016375,-0.10038,0.023135,-0.061047,-0.024574,-0.0094614,0.060712,0.036435,-0.08388,-0.15119,-0.05887,-0.1723,-0.10491,-0.12783,-0.18046,-0.17158,0.32541,0.11847,0.16639,0.083032,-0.071009,-0.046089,-0.022259,-0.047042,-0.015708,-0.0090953,0.02561,0.02695,0.0070884,-0.019072,-0.04156,-0.030508,-0.052113,0.031895,0.069739,-0.025595,0.21842,0.18355,0.14243,0.13768,0.15886,-0.031573,-0.039631,-0.029538,0.028387,0.082792,-0.024082,0.02734,-0.0097344,-0.012082,-0.096255,-0.085313,-0.070427,-0.042677,-0.11349,-0.14782,0.07032,0.049249,0.028478,-0.001727,0.010357,0.010299,-0.029182,-0.043718,-0.063327,-0.00064665,-0.0080579,-0.032413],
		[0.20933,0.32968,0.024393,0.16779,-0.037089,0.063806,0.21178,0.2997,0.15702,0.1132,0.33407,0.36661,0.10785,0.17492,0.078474,0.1161,0.53652,0.47234,0.38336,0.3273,-0.08036,0.0020546,0.023073,-0.084144,-0.20286,-0.19695,-0.050122,-0.14318,1,0.56066,0.18846,0.12398,0.27538,0.35326,-0.076981,-0.057434,0.025263,0.036272,0.071007,0.041495,0.13973,0.093026,0.28105,0.33526,0.21108,0.26512,0.28513,0.24934,0.24298,0.25594,0.22671,0.26725,0.2378,0.14539,0.12873,0.15946,0.30999,0.39419,0.24238,0.29484,0.3262,0.27011,0.52826,0.52808,-0.25378,-0.074215,0.026511,0.13927,0.12074,0.21585,0.23344,0.17122,0.17176,0.18787,0.022931,0.075046,0.18702,0.23439,0.31946,0.33882,0.44394,0.24652,0.32506,0.22471,0.0088912,0.006272,-0.096935,-0.045681,0.090217,0.15384,0.20996,0.16912,0.094506,0.025007,0.080123,0.097092,0.087559,0.14886,0.36875,0.3409,0.26978,0.16567,0.39334,0.32134,0.1497,0.15597,0.14652,0.12042,0.03621,0.10238,0.058678,0.20993,0.15727,0.2183,0.14305,0.053683],
		[0.27489,0.47568,-0.040728,0.20202,-0.053511,0.092749,0.16367,0.35975,0.18299,0.26176,0.31125,0.52065,0.07688,0.28087,0.079951,0.19212,0.59185,0.62501,0.49711,0.43276,-0.11008,-0.014805,-0.0054736,-0.061704,-0.28048,-0.24674,-0.10245,-0.18348,0.56066,1,0.12819,0.10085,0.28109,0.4043,-0.15316,-0.15961,0.038081,0.058378,0.056606,0.035725,0.14001,0.14242,0.22079,0.31257,0.20121,0.29249,0.27345,0.29144,0.26105,0.3359,0.26495,0.35534,0.37609,0.23637,0.20665,0.20936,0.45234,0.54529,0.26022,0.36698,0.34265,0.41592,0.58484,0.71642,-0.29794,-0.038109,-0.068774,0.060241,0.2959,0.36015,0.23264,0.20754,0.15802,0.23179,-0.0050358,0.072306,0.22744,0.21246,0.27263,0.39185,0.56444,0.41353,0.36072,0.33634,0.041293,0.10036,-0.13829,0.0086124,0.14792,0.30251,0.24656,0.15619,0.10291,-0.012919,0.14802,0.1821,0.14134,0.15265,0.43802,0.39298,0.28289,0.20014,0.43036,0.36718,0.15823,0.17203,0.12319,0.13724,0.094747,0.11102,0.062278,0.27001,0.18701,0.23329,0.12056,0.086482],
		[-0.045617,-0.069501,0.33978,0.24738,0.064321,0.017779,0.11065,0.1121,0.046109,-0.11029,0.10839,0.12465,0.21079,0.23992,0.19252,0.24892,0.079111,0.040799,0.1423,0.14618,0.17586,0.0035388,0.46135,0.3702,0.30213,0.30174,0.065561,0.046011,0.18846,0.12819,1,0.35672,0.3296,0.28247,0.1976,0.15286,0.22768,0.15119,0.12236,0.10277,0.11162,0.049543,0.34834,0.28157,0.1638,0.1288,0.25586,0.15869,0.14696,0.0013598,0.07186,0.027185,0.075076,0.12747,0.062986,0.073891,0.024038,-0.020703,-0.012201,-0.085739,-0.019508,-0.0427,0.01026,0.0059691,0.23561,0.10357,0.26226,0.22463,-0.082209,0.0025327,0.21619,0.15506,0.09555,0.048368,0.041339,-0.0023056,0.13495,0.21719,0.1324,0.14069,0.037034,0.015994,0.17465,0.03487,0.16552,0.1393,0.10865,0.087599,0.1335,-0.019167,0.11756,0.13731,0.13079,0.175,0.038296,0.13082,0.033306,0.087492,0.095267,0.11003,0.042078,0.063913,0.029503,0.040157,0.17037,0.17991,0.070127,0.11256,0.083929,-0.015231,-0.058975,0.064517,0.040632,0.073554,0.14447,0.014937],
		[0.011286,0.033002,0.20493,0.23766,0.059718,0.10421,0.092018,0.16463,0.059088,0.025786,0.085608,0.15061,0.13907,0.23635,0.14998,0.25053,0.066245,0.050588,0.11855,0.12703,0.11582,0.06686,0.32525,0.31367,0.15329,0.25093,0.06185,0.058865,0.12398,0.10085,0.35672,1,0.24553,0.24529,0.14388,0.091786,0.13297,0.085,0.11875,0.051523,0.076777,0.079556,0.27001,0.22977,0.11574,0.089286,0.16878,0.1321,0.080745,-0.0010072,0.056827,0.037026,0.11266,0.088438,0.090673,0.073774,0.030353,0.01259,-0.0034057,-0.05084,-0.014223,0.04471,-0.024228,0.029741,0.13666,0.14323,0.1896,0.20072,-0.054117,-0.011374,0.19348,0.15583,0.13018,0.03632,0.042703,0.060693,0.17572,0.16337,0.089553,0.096147,0.063792,0.075394,0.11836,0.04281,0.13403,0.13794,0.077229,0.057222,0.083134,0.064204,0.13518,0.099124,0.17005,0.11265,0.046945,0.083284,0.047499,0.052065,0.11532,0.08129,0.13174,0.03294,0.055319,0.026769,0.14876,0.13655,0.073369,0.079102,0.056612,0.015926,-0.016788,0.057002,0.046247,0.059564,0.11002,0.014713],
		[0.11277,0.12452,0.45353,0.41535,0.23173,0.21514,0.36194,0.39734,0.30892,0.14584,0.20612,0.23926,0.31096,0.29175,0.31285,0.26522,0.32705,0.28802,0.29811,0.25363,0.028545,-0.0098016,0.48704,0.38308,0.15898,0.16322,0.057026,0.0096665,0.27538,0.28109,0.3296,0.24553,1,0.57567,0.40779,0.18644,0.1816,0.087238,0.087383,0.052956,0.13332,0.060588,0.39217,0.45893,0.29566,0.29868,0.38905,0.3368,0.37089,0.20327,0.32947,0.3433,0.3708,0.34673,0.22544,0.20001,0.11905,0.18818,0.35354,0.2292,0.32903,0.33815,0.25013,0.34856,0.27024,0.31828,0.54749,0.49577,0.13142,0.23721,0.26733,0.20773,0.20661,0.14844,-0.017206,-0.0031443,0.28891,0.31732,0.19965,0.24393,0.21291,0.12777,0.19974,0.044258,0.21261,0.22355,-0.059553,-0.033014,0.29492,0.1613,0.46623,0.43532,0.4475,0.40375,0.10316,0.19853,0.11871,0.15324,0.31814,0.36864,0.22272,0.3254,0.31536,0.30918,0.33924,0.35751,0.19768,0.20856,0.049308,0.0014824,-0.049481,0.18347,0.24136,0.17918,0.13848,0.06457],
		[0.02493,0.20865,0.29396,0.44694,0.13609,0.24188,0.26566,0.45567,0.22375,0.20726,0.12997,0.32809,0.11405,0.31843,0.16379,0.25877,0.40359,0.37006,0.33513,0.33962,0.004763,-0.011835,0.27002,0.2795,0.013269,0.099608,-0.030115,-0.029445,0.35326,0.4043,0.28247,0.24529,0.57567,1,0.30778,0.21305,0.070262,0.066518,0.051146,0.027324,0.14061,0.088009,0.37847,0.44262,0.37348,0.3916,0.37582,0.35864,0.40164,0.33244,0.31651,0.38867,0.37712,0.31697,0.18785,0.22309,0.18812,0.27553,0.31334,0.30306,0.25033,0.40584,0.30467,0.4839,0.077989,0.26715,0.41759,0.48235,0.14917,0.32417,0.24049,0.2379,0.18795,0.22951,-0.0098277,0.035798,0.3047,0.31164,0.20599,0.21838,0.27157,0.16825,0.19411,0.11485,0.066497,0.18811,-0.12502,-0.026363,0.18603,0.21786,0.40396,0.30238,0.37717,0.22595,0.15366,0.19614,0.14488,0.16042,0.3735,0.34747,0.25722,0.23001,0.34794,0.33638,0.29196,0.3401,0.19246,0.2102,0.088828,0.00087878,0.010796,0.2265,0.21412,0.21593,0.12213,0.084363],
		[-0.056912,-0.14548,0.46157,0.32632,0.31463,0.16849,0.22948,0.13421,0.16707,-0.043238,-0.01957,-0.10012,0.24738,0.17584,0.24154,0.14029,-0.019001,-0.079219,-0.0026539,-0.00033863,0.13656,-0.01777,0.42874,0.44144,0.37536,0.39881,0.14417,0.19244,-0.076981,-0.15316,0.1976,0.14388,0.40779,0.30778,1,0.36127,0.23557,0.1369,0.098204,0.054234,0.091964,0.021554,0.25642,0.24121,0.22567,0.16792,0.21448,0.16328,0.22759,0.012041,0.19535,0.12687,0.13215,0.17374,0.14487,0.13388,-0.11994,-0.13174,0.18989,-0.036793,0.070417,0.073592,-0.11239,-0.060852,0.55476,0.43688,0.68096,0.54788,-0.0085628,0.069696,0.13895,0.17519,0.11402,0.046647,-0.0050477,-0.0047208,0.19379,0.15418,0.035015,0.0048421,-0.06383,-0.04001,0.03045,-0.12669,0.29272,0.3014,0.11412,0.07187,0.24262,0.076407,0.30682,0.32301,0.43355,0.41491,0.015272,0.086979,0.049291,0.062354,0.063031,0.086803,0.034934,0.17747,0.0065181,0.016886,0.22335,0.29386,0.13117,0.13303,0.047978,-0.021612,-0.10284,-0.0026992,0.024802,0.078386,0.050068,-0.000623],
		[-0.16916,-0.12689,0.21042,0.1844,0.077512,0.065163,0.04896,0.078405,0.018657,-0.065868,-0.14634,-0.10606,-0.014238,0.090678,-0.015299,0.02847,-0.034153,-0.12395,-0.095941,-0.028796,0.085448,0.075183,0.15866,0.2233,0.18711,0.2787,0.06064,0.082158,-0.057434,-0.15961,0.15286,0.091786,0.18644,0.21305,0.36127,1,0.12701,0.043119,0.053734,0.029076,0.0098958,0.027496,0.20354,0.1824,0.17305,0.1385,0.12021,0.094126,0.14575,-0.0011575,0.091097,0.051434,0.015396,0.05808,0.01841,0.024479,-0.12555,-0.10952,0.052445,-0.034343,-0.052436,0.002888,-0.081683,-0.090857,0.24823,0.2315,0.39517,0.4193,-0.036148,0.011927,-0.0066642,0.035946,0.035182,0.01119,0.057223,-0.0094035,0.10366,0.14435,-0.019713,0.0055346,-0.1085,-0.11453,-0.055218,-0.11077,0.005664,0.10899,0.0096965,0.041117,0.026138,-0.015184,0.10945,0.092374,0.18013,0.14328,-0.01443,0.063129,0.033078,-0.0084604,0.014499,-0.035677,0.02497,0.074948,-0.042136,0.017386,0.13429,0.1352,0.073598,0.055577,0.005513,-0.064907,-0.029144,0.0024049,0.024421,0.041112,0.020293,0.0023518],
		[0.1236,0.083805,0.29874,0.17709,0.18487,0.017946,0.17245,0.055616,0.073643,-0.079049,0.053247,0.0059549,0.22035,0.16406,0.12509,0.13057,0.038413,0.050938,0.12569,0.124,0.13477,0.0010213,0.28061,0.24393,0.29756,0.25896,0.13163,0.081338,0.025263,0.038081,0.22768,0.13297,0.1816,0.070262,0.23557,0.12701,1,0.26982,0.21723,0.20597,0.15335,0.10322,0.17757,0.14884,0.10806,0.12866,0.19501,0.15475,0.12107,0.045537,0.12897,0.097382,0.098831,0.10422,0.16029,0.1841,0.078515,0.070582,0.13398,-0.011453,0.10062,0.016328,-0.014507,0.019829,0.29195,0.19195,0.27686,0.20253,0.09531,0.13177,0.17691,0.10542,0.049968,0.081006,0.025167,-0.0039576,0.13095,0.14664,0.024817,0.1492,0.058716,0.15548,0.18367,0.079537,0.28743,0.27904,0.18615,0.146,0.23502,0.072865,0.11662,0.15913,0.14011,0.21856,0.046159,0.10106,0.063937,0.096783,0.085527,0.11986,0.0065883,0.095652,0.045865,0.053146,0.15282,0.17985,0.086142,0.049328,-0.002758,0.011896,-0.060188,0.071327,0.070668,0.050575,0.021287,-0.014709],
		[0.12726,0.17492,0.17679,0.12234,0.10098,0.026463,0.13293,-0.0051428,-0.0024111,-0.059708,0.055173,0.074152,0.19541,0.16788,0.13221,0.16184,0.10827,0.14756,0.094329,0.15417,0.11673,-0.00031372,0.17365,0.14798,0.19487,0.15603,0.11376,0.10643,0.036272,0.058378,0.15119,0.085,0.087238,0.066518,0.1369,0.043119,0.26982,1,0.12098,0.21734,0.15381,0.1836,0.13609,0.10781,0.12238,0.15737,0.17241,0.14409,0.12535,0.091514,0.12752,0.10673,0.1396,0.099379,0.19216,0.19918,0.19438,0.18107,0.13193,0.034562,0.10486,-0.01195,-0.0068834,0.055914,0.20582,0.11821,0.17801,0.12996,0.12708,0.16291,0.17873,0.10781,0.06214,0.11482,0.03055,0.042082,0.097994,0.113,0.059537,0.14783,0.14109,0.24905,0.21462,0.13705,0.26211,0.30597,0.17224,0.19154,0.18433,0.13597,0.092812,0.14005,0.056045,0.13631,0.10372,0.10074,0.10232,0.13048,0.15231,0.14916,0.037267,0.062368,0.075452,0.11421,0.11885,0.13835,0.030745,0.033238,0.063421,0.0014159,-0.082646,0.095858,0.040974,0.051164,0.028061,-0.027716],
		[0.0071007,0.050956,0.096568,0.054114,0.091752,0.061943,0.035177,0.0099562,0.074789,0.01111,0.020008,0.034954,0.12521,0.14841,0.05698,0.10044,0.045612,0.039172,0.040899,0.048027,0.024308,0.011617,0.13901,0.14319,0.15907,0.15517,0.04782,0.052059,0.071007,0.056606,0.12236,0.11875,0.087383,0.051146,0.098204,0.053734,0.21723,0.12098,1,0.1048,0.12911,0.036051,0.158,0.14063,0.087785,0.093286,0.13872,0.057534,0.058889,-0.010897,0.05925,-0.0011904,0.031621,-0.017619,0.12014,0.082046,0.038807,-0.00059668,0.018915,-0.090208,0.01093,-0.0013034,-0.0073895,0.01408,0.1776,0.11889,0.13011,0.11152,0.036232,0.026288,0.060509,0.027958,0.07626,0.03988,0.099249,0.053328,0.072977,0.060839,0.0051663,0.078319,0.091014,0.10068,0.094894,0.07405,0.1674,0.1906,0.1503,0.10182,0.073448,0.037772,0.011134,0.018812,0.019644,0.038443,0.029273,0.04068,0.012344,0.00012093,0.027857,-0.0049968,-0.015533,0.039071,0.0063697,-0.025722,0.070304,0.052115,0.018238,0.037337,0.065403,-0.02734,0.018931,0.013018,0.057384,0.035793,0.074792,0.0081348],
		[0.088872,0.099733,0.056383,0.06058,0.011695,0.072748,0.0089227,-0.012505,-0.0093353,-0.011065,0.020767,0.078762,0.088151,0.13974,0.058463,0.13814,0.040868,0.047994,0.058366,0.056547,0.06011,0.045002,0.076521,0.11107,0.15309,0.17433,0.066592,0.078692,0.041495,0.035725,0.10277,0.051523,0.052956,0.027324,0.054234,0.029076,0.20597,0.21734,0.1048,1,0.11313,0.086961,0.096915,0.052562,0.054531,0.090699,0.10871,0.082388,0.063317,0.066062,0.1082,0.079781,0.0314,-0.014076,0.18365,0.18965,0.078996,0.032233,0.017478,-0.048492,-0.013134,-0.00067882,0.0021323,0.046034,0.12809,0.086296,0.074501,0.060072,0.074502,0.071746,0.079056,0.073501,0.041895,0.088968,0.036199,0.017586,0.020741,0.059981,0.01028,0.08571,0.11743,0.20487,0.13489,0.10247,0.1712,0.27728,0.13077,0.19455,0.10853,0.14304,0.0067101,-0.039032,0.00885,-0.0059131,0.082029,0.041634,0.041237,0.090474,0.046543,0.026353,0.035984,0.050946,0.015766,-0.001434,0.081749,0.0082434,0.032439,-0.0038237,0.037883,0.050922,-0.033356,-0.026767,0.039745,0.081083,0.076704,0.023357],
